MADDPG_auc=0.657352
MATD3_auc=0.657689
delta_auc=0.000337
