MADDPG_auc=0.657352
MATD3_auc=0.668904
delta_auc=0.011552
