MADDPG_auc=0.657352
MATD3_auc=0.666004
delta_auc=0.008652
