MADDPG_auc=0.657352
MATD3_auc=0.631636
delta_auc=-0.025716
