MADDPG_auc=0.657352
MATD3_auc=0.698513
delta_auc=0.041160
